     0/299     9.84G   0.06993     1.813         0     1.883        39       640 0.0005759   0.09091 7.287e-05 9.945e-06    0.1055    0.5451         0
     1/299     10.5G   0.07118    0.3157         0    0.3869        30       640 0.0005759   0.09091 6.779e-05 9.504e-06    0.1056    0.1722         0
     2/299     10.5G   0.07354    0.1073         0    0.1808        30       640 0.0005547   0.08485 5.051e-05 6.521e-06    0.1056   0.06731         0
     3/299     10.5G   0.07283    0.0413         0    0.1141        44       640 0.0005514   0.09091 5.816e-05 8.391e-06    0.1056   0.03198         0
     4/299     10.5G   0.07172   0.02136         0   0.09307        27       640 0.0003847   0.07879 4.301e-05 6.171e-06    0.1056   0.02055         0
     5/299     10.5G   0.07271   0.01422         0   0.08693        25       640 0.0002703   0.07273 4.245e-05 5.928e-06    0.1056   0.01586         0
     6/299     10.5G   0.07138   0.01142         0    0.0828        42       640   0.02188   0.01818  0.001818  0.000242    0.1049   0.01388         0
     7/299     10.5G    0.0697  0.009283         0   0.07899        30       640   0.05821    0.1212    0.0276  0.006161    0.0998   0.01317         0
     8/299     10.5G   0.06939  0.008226         0   0.07762        24       640    0.0547    0.1879   0.03538   0.00712   0.09529   0.01299         0
     9/299     10.5G   0.06898  0.007575         0   0.07655        46       640   0.08524     0.297   0.05895   0.01113   0.09236   0.01229         0
    10/299     10.5G   0.06768  0.006601         0   0.07428        22       640    0.1177     0.297   0.07906   0.01429   0.09036   0.01354         0
    11/299     10.5G   0.06678  0.006028         0   0.07281        43       640    0.2638    0.3091    0.1893   0.04224   0.09479   0.01038         0
    12/299     10.5G   0.06191  0.005182         0   0.06709        31       640    0.3284    0.4182    0.2765   0.06948    0.0903   0.01126         0
    13/299     10.5G    0.0612   0.00524         0   0.06644        35       640    0.4417    0.5818    0.5181     0.147   0.08594   0.01028         0
    14/299     10.5G   0.05922  0.004661         0   0.06388        42       640    0.2942    0.4182    0.2505   0.05676    0.1076   0.01055         0
    15/299     10.5G   0.04934    0.0047         0   0.05404        34       640    0.1099    0.4424   0.07645   0.01355    0.1257  0.007478         0
    16/299     10.5G   0.04611   0.00419         0    0.0503        22       640   0.02772   0.06667   0.00416  0.000815    0.1304   0.00984         0
    17/299     10.5G   0.06032  0.005141         0   0.06546        27       640  0.008535   0.06061  0.000933 0.0001631    0.1217   0.02267         0
    18/299     10.5G    0.0638  0.005161         0   0.06896        46       640   0.03327   0.01212 0.0007069 0.0001337    0.1181     0.021         0
    19/299     10.5G   0.06829  0.006276         0   0.07457        37       640         0         0         0         0    0.1352   0.01256         0
    20/299     10.5G   0.06857  0.006128         0    0.0747        22       640 0.0002928   0.07879 0.0001403 1.561e-05    0.1284     4.447         0
    21/299     10.5G   0.06837  0.006545         0   0.07491        38       640  0.008068    0.1152   0.00238  0.000294    0.1437  0.008504         0
    22/299     10.5G   0.06708   0.00685         0   0.07393        45       640         0         0         0         0    0.1342   0.02099         0
    23/299     10.5G   0.06466  0.006065         0   0.07073        22       640   0.00561    0.1697  0.002638 0.0005699   0.09786   0.01252         0
    24/299     10.5G   0.05941   0.00585         0   0.06526        27       640   0.01173    0.1091  0.004046 0.0007061    0.1139   0.04664         0
    25/299     10.5G   0.06459  0.005803         0    0.0704        20       640  0.002692    0.5212  0.001927 0.0004095    0.1222   0.00947         0
    26/299     10.5G   0.06396   0.00622         0   0.07017        32       640    0.5668    0.5333     0.422   0.09781    0.1001  0.009558         0
    27/299     10.5G    0.0593   0.00487         0   0.06417        31       640    0.4763    0.7152      0.54    0.1849   0.08832   0.01102         0
    28/299     10.5G   0.05849  0.004897         0   0.06339        42       640    0.7289    0.6848    0.7084    0.2288   0.08675   0.00927         0
    29/299     10.5G   0.05126   0.00466         0   0.05592        35       640    0.1215    0.5636    0.1189   0.02425   0.09023   0.01101         0
    30/299     10.5G   0.05301  0.004096         0    0.0571        35       640    0.4229    0.4664    0.2626   0.05558   0.09009   0.01313         0
    31/299     10.5G   0.04867  0.004135         0   0.05281        28       640    0.5905    0.8301    0.5643    0.1401    0.0868   0.01025         0
    32/299     10.5G   0.04802  0.004668         0   0.05269        28       640    0.4874    0.6973    0.5064   0.09678   0.08578   0.01195         0
    33/299     10.5G   0.05696  0.004842         0    0.0618        33       640   0.09063  0.006061 0.0009454 0.0001795    0.1056   0.01926         0
    34/299     10.5G   0.05366  0.004268         0   0.05793        34       640    0.4826    0.4727    0.4319    0.1312   0.08356   0.01137         0
    35/299     10.5G   0.05212   0.00494         0   0.05706        21       640    0.1514    0.5636    0.1586   0.04199    0.0872   0.01123         0
    36/299     10.5G   0.04619  0.004808         0   0.05099        31       640    0.2693     0.497    0.2488   0.05338    0.1071  0.009535         0
    37/299     10.5G   0.06043  0.006369         0   0.06679        31       640   0.02464    0.6727   0.02113  0.003845    0.1256    0.5502         0
    38/299     10.5G   0.06786  0.005471         0   0.07333        39       640         0         0         0         0    0.1344     189.9         0
    39/299     10.5G   0.06545  0.006412         0   0.07186        33       640         0         0         0         0    0.1405     64.11         0
    40/299     10.5G   0.06185  0.006503         0   0.06836        45       640 3.573e-05  0.006061 3.154e-07 3.154e-08    0.1283    0.9491         0
    41/299     10.5G   0.06032   0.00616         0   0.06648        28       640         0         0         0         0    0.1351     193.2         0
    42/299     10.5G   0.06323   0.00643         0   0.06966        28       640         0         0         0         0       nan       nan         0
    43/299     10.5G   0.06338  0.006062         0   0.06945        18       640         0         0         0         0       nan       nan         0
    44/299     10.5G   0.05611  0.006016         0   0.06213        40       640         0         0         0         0    0.1334     41.53         0
    45/299     10.5G   0.05891  0.005792         0    0.0647        29       640 4.542e-05   0.01212  7.77e-07 1.804e-07    0.1332     5.425         0
    46/299     10.5G   0.06278  0.006339         0   0.06912        30       640 0.0005647    0.1515  8.85e-05 1.426e-05    0.1325    0.3626         0
    47/299     10.5G   0.06353  0.006214         0   0.06974        36       640 8.696e-05  0.006061 1.248e-06 1.248e-07    0.1278   0.01452         0
    48/299     10.5G   0.06501  0.006711         0   0.07172        30       640  0.001147  0.006061 1.489e-05 3.302e-06    0.1144   0.01197         0
    49/299     10.5G   0.06508  0.006175         0   0.07126        22       640   0.01331    0.0303  0.001553 0.0002424    0.1124   0.01095         0
    50/299     10.5G   0.06089  0.006189         0   0.06708        35       640   0.03998    0.3455   0.02592  0.004767    0.1024   0.01111         0
    51/299     10.5G   0.06064  0.006082         0   0.06672        37       640   0.05212    0.3091   0.03337  0.006185    0.1018  0.009687         0
    52/299     10.5G   0.05937  0.005698         0   0.06507        48       640    0.2612    0.2424    0.1624     0.036   0.09611  0.009791         0
    53/299     10.5G   0.05819   0.00545         0   0.06364        29       640    0.1531    0.3363   0.09816   0.02007   0.09372   0.01021         0
    54/299     10.5G   0.05779  0.005407         0   0.06319        24       640    0.3098    0.1515    0.1589   0.03069   0.09237   0.01047         0
    55/299     10.5G   0.05567  0.005294         0   0.06097        33       640    0.1063    0.3152   0.09278   0.01764    0.0902   0.01091         0
    56/299     10.5G   0.05413  0.005322         0   0.05945        34       640    0.1561    0.3212     0.121   0.02692    0.0906   0.01053         0
    57/299     10.5G   0.05007  0.005007         0   0.05508        39       640    0.1489    0.1879    0.0527  0.009433    0.1052  0.009571         0
    58/299     10.5G   0.04932  0.004738         0   0.05406        35       640    0.4411    0.5022    0.3922    0.1043   0.09209  0.008077         0
    59/299     10.5G   0.04494  0.004424         0   0.04936        29       640    0.3305    0.5273    0.3161   0.09119   0.08927  0.009622         0
    60/299     10.5G   0.04392  0.004522         0   0.04845        40       640    0.6877    0.6061     0.614    0.1833    0.0875  0.008734         0
    61/299     10.5G   0.04204  0.004319         0   0.04636        33       640    0.6288    0.6182    0.5984    0.2146   0.08762  0.009072         0
    62/299     10.5G    0.0403  0.003934         0   0.04423        31       640    0.7382    0.6665    0.7018    0.2254   0.08504  0.009332         0
    63/299     10.5G   0.04319  0.004113         0    0.0473        40       640    0.7482    0.6303    0.6794    0.2483   0.07717   0.00979         0
    64/299     10.5G   0.04044  0.003987         0   0.04443        39       640    0.7672       0.8    0.8189    0.3307   0.07895   0.01051         0
    65/299     10.5G    0.0404  0.004065         0   0.04447        33       640    0.8672       0.8    0.8299    0.3333    0.0776  0.009319         0
    66/299     10.5G   0.03793  0.004008         0   0.04193        35       640    0.8654     0.818    0.8571     0.422   0.07774  0.009553         0
    67/299     10.5G   0.03547  0.003882         0   0.03935        32       640    0.9443    0.8242    0.8888     0.418   0.07798  0.008506         0
    68/299     10.5G   0.03637  0.003659         0   0.04003        27       640    0.8152    0.7758    0.7946    0.2643   0.08541  0.007445         0
    69/299     10.5G   0.03233   0.00358         0   0.03591        33       640       0.8    0.7756    0.7602    0.2814   0.08486  0.009161         0
    70/299     10.5G   0.03376  0.003596         0   0.03735        33       640    0.8823    0.8182    0.8503    0.3224   0.08303  0.007602         0
    71/299     10.5G   0.03771  0.003705         0   0.04142        35       640    0.9539    0.8786    0.9078    0.4495   0.07917  0.007955         0
    72/299     10.5G   0.03694  0.003546         0   0.04048        29       640    0.9221    0.8606    0.8904    0.4309    0.0798  0.009085         0
    73/299     10.5G    0.0338  0.003615         0   0.03741        41       640    0.8199    0.8606    0.8481    0.3721   0.07814   0.00845         0
    74/299     10.5G   0.03326  0.003372         0   0.03664        41       640    0.8614    0.8667    0.8836    0.4351   0.07953  0.007923         0
    75/299     10.5G   0.03689  0.003384         0   0.04027        42       640    0.9382    0.8303    0.8804    0.4368   0.07902  0.008187         0
    76/299     10.5G   0.03229  0.003657         0   0.03595        22       640    0.9395    0.8485    0.8816    0.4168    0.0796  0.008189         0
    77/299     10.5G   0.03507  0.003542         0   0.03862        35       640    0.8686    0.8424    0.8599    0.4237   0.07705  0.008622         0
    78/299     10.5G   0.03122  0.003585         0    0.0348        38       640    0.9195    0.8302    0.8544    0.3728   0.07955  0.008254         0
    79/299     10.5G   0.03394  0.003316         0   0.03725        30       640    0.8967     0.842    0.8819    0.4518   0.07932  0.007167         0
    80/299     10.5G   0.03332  0.003214         0   0.03653        25       640    0.9466    0.8667     0.889    0.4806   0.07516  0.008663         0
    81/299     10.5G   0.03414  0.003294         0   0.03743        30       640    0.9465    0.8606    0.8892    0.5032   0.07586  0.008491         0
    82/299     10.5G   0.03252  0.003138         0   0.03566        22       640    0.9062    0.8784     0.878    0.4769   0.07552  0.007811         0
    83/299     10.5G   0.03018  0.003353         0   0.03354        39       640    0.9285    0.8667     0.863    0.4127   0.07861  0.008299         0
    84/299     10.5G   0.03233  0.003138         0   0.03547        31       640    0.9271    0.8484    0.8774    0.4335   0.07426  0.008046         0
    85/299     10.5G    0.0355  0.003089         0   0.03859        48       640    0.9294    0.8788    0.8886    0.5143   0.07299  0.009222         0
    86/299     10.5G     0.037  0.003357         0   0.04036        40       640    0.8218    0.7266    0.7451    0.3464   0.08179  0.009495         0
    87/299     10.5G    0.0331  0.003181         0   0.03628        32       640    0.9285    0.8667    0.9002     0.457   0.07652  0.009504         0
    88/299     10.5G   0.04828  0.004585         0   0.05286        26       640 0.0004808   0.01212  1.09e-05 1.796e-06    0.1002   0.01545         0
    89/299     10.5G   0.04441  0.004702         0   0.04911        44       640    0.1058   0.05455   0.01723  0.003797    0.1025   0.01275         0
    90/299     10.5G   0.04084  0.003932         0   0.04478        35       640    0.2215    0.3152    0.1394   0.04393   0.09664   0.01246         0
    91/299     10.5G   0.03896  0.004011         0   0.04297        27       640    0.6545    0.5636    0.5689    0.2064   0.08166   0.01038         0
    92/299     10.5G   0.03537  0.003545         0   0.03892        38       640    0.8282    0.8473    0.8445    0.4151   0.06983   0.00997         0
    93/299     10.5G   0.03226    0.0035         0   0.03576        30       640    0.8773    0.8666    0.8856    0.4439   0.06669   0.01089         0
    94/299     10.5G   0.03603  0.003387         0   0.03941        21       640     0.888    0.8667    0.8664    0.4307   0.06718   0.01115         0
    95/299     10.5G   0.03519  0.003175         0   0.03836        30       640    0.9005    0.8788    0.8771    0.4793   0.06614    0.0106         0
    96/299     10.5G   0.03288  0.003743         0   0.03662        34       640    0.9281    0.8605    0.8927    0.5001   0.06682    0.0101         0
    97/299     10.5G   0.03074  0.003201         0   0.03394        28       640    0.9366     0.897    0.9111    0.5127   0.06901  0.009904         0
    98/299     10.5G   0.03175   0.00349         0   0.03524        36       640    0.9477    0.8786    0.9168    0.5197   0.06681   0.00991         0
    99/299     10.5G   0.03202  0.003144         0   0.03517        37       640     0.924    0.8848    0.9095    0.5253   0.06812   0.01045         0
   100/299     10.5G   0.03121  0.003288         0    0.0345        17       640    0.9359    0.8848    0.8958    0.5141    0.0685   0.01069         0
   101/299     10.5G   0.03371  0.003249         0   0.03696        46       640     0.929    0.8727    0.8845    0.5007   0.06809   0.01005         0
   102/299     10.5G   0.03676  0.003145         0   0.03991        21       640    0.8944    0.8725    0.8716    0.4463   0.07228   0.01025         0
   103/299     10.5G   0.03052  0.003224         0   0.03374        22       640    0.9234    0.8848    0.9057    0.5289   0.07042  0.008956         0
   104/299     10.5G    0.0332  0.003143         0   0.03635        32       640    0.8974    0.8481    0.8785    0.4051   0.07418  0.008744         0
   105/299     10.5G   0.02939  0.003104         0   0.03249        28       640    0.8404      0.83     0.854    0.4005   0.07808  0.009447         0
   106/299     10.5G   0.03364  0.003376         0   0.03702        30       640    0.8993    0.8121    0.8351    0.3148   0.08187  0.009404         0
   107/299     10.5G   0.03124  0.003071         0   0.03431        35       640    0.9231    0.8725    0.8891    0.4715   0.07953  0.007795         0
   108/299     10.5G   0.03427  0.003118         0   0.03739        33       640    0.9536    0.8727    0.8952     0.499   0.08061  0.007467         0
   109/299     10.5G   0.03064  0.003182         0   0.03383        28       640    0.9404    0.8604     0.882    0.5045   0.07841  0.008199         0
   110/299     10.5G   0.03152  0.003302         0   0.03482        33       640    0.9255    0.8424    0.8771    0.5004   0.08014  0.007522         0
   111/299     10.5G   0.03254  0.003214         0   0.03575        44       640    0.9355    0.8788    0.8949    0.4909   0.07656  0.007877         0
   112/299     10.5G   0.03757  0.003278         0   0.04085        41       640    0.9119    0.8787    0.8909    0.4635   0.07643   0.00762         0
   113/299     10.5G   0.03615  0.002978         0   0.03913        29       640    0.9295    0.8788    0.9157    0.4756   0.07388  0.009435         0
   114/299     10.5G   0.03622  0.003164         0   0.03939        38       640    0.8658    0.8606    0.8573    0.4421   0.07797  0.009025         0
   115/299     10.5G   0.02706  0.002905         0   0.02997        26       640    0.9156    0.8544    0.8986    0.4999   0.07692  0.008413         0
   116/299     10.5G    0.0276  0.003001         0    0.0306        25       640     0.924    0.8848    0.9033    0.4721   0.07825  0.007338         0
   117/299     10.5G   0.02601  0.003137         0   0.02915        24       640    0.9595    0.8605    0.8985    0.4975   0.07875  0.007751         0
   118/299     10.5G   0.02813  0.003039         0   0.03117        32       640    0.9548     0.897    0.9102    0.5348   0.08087  0.007519         0
   119/299     10.5G   0.02923  0.002948         0   0.03218        42       640    0.9308     0.897    0.9209    0.5457   0.08201  0.007305         0
   120/299     10.5G   0.02797  0.003098         0   0.03106        30       640    0.9299    0.8846    0.9203    0.5066   0.08368  0.007775         0
   121/299     10.5G   0.02536  0.003205         0   0.02856        33       640    0.9416    0.8788    0.9237    0.4994   0.08116  0.007489         0
   122/299     10.5G   0.02519  0.003054         0   0.02825        28       640    0.9119    0.8787    0.9179    0.5047   0.08431  0.006899         0
   123/299     10.5G   0.02969  0.003083         0   0.03278        31       640    0.9362    0.8909    0.9073    0.4989   0.08269  0.007938         0
   124/299     10.5G   0.02684  0.003123         0   0.02996        29       640    0.9423     0.897    0.9093    0.5222    0.0822  0.008356         0
   125/299     10.5G   0.02774  0.002969         0   0.03071        22       640    0.9423     0.903    0.9295    0.5257   0.07992  0.007998         0
   126/299     10.5G   0.02695  0.002781         0   0.02973        33       640    0.9541    0.8848    0.9136    0.5158    0.0811  0.007693         0
   127/299     10.5G    0.0278  0.002982         0   0.03078        28       640    0.9354    0.8788    0.9027     0.511   0.07966  0.008023         0
   128/299     10.5G   0.03028  0.002845         0   0.03313        30       640    0.9359    0.8848    0.9041    0.5252   0.08111  0.007975         0
   129/299     10.5G   0.02812  0.002895         0   0.03102        32       640    0.9536    0.8788    0.9233    0.5212   0.08067  0.007741         0
   130/299     10.5G   0.02583  0.002937         0   0.02877        30       640     0.935    0.8727    0.9246    0.5376   0.08188  0.007385         0
   131/299     10.5G   0.02688  0.002912         0    0.0298        22       640    0.9733    0.8847    0.9344    0.5655   0.08077  0.007533         0
   132/299     10.5G   0.02702  0.002833         0   0.02986        15       640    0.9669    0.8847    0.9269    0.5414   0.08092  0.007238         0
   133/299     10.5G   0.02819  0.002948         0   0.03114        39       640     0.943     0.903     0.933    0.5492   0.08065  0.007202         0
   134/299     10.5G   0.02724  0.002889         0   0.03013        42       640    0.9473    0.8727    0.8991    0.5396   0.07978  0.008665         0
   135/299     10.5G   0.02638  0.002845         0   0.02922        24       640    0.9415    0.8788    0.9036    0.4796    0.0823  0.007968         0
   136/299     10.5G   0.02743  0.002951         0   0.03038        42       640    0.9479    0.8848    0.9158    0.5411   0.08129  0.007833         0
   137/299     10.5G   0.03097  0.002664         0   0.03363        21       640     0.924    0.8848     0.921    0.5489   0.08103  0.007487         0
   138/299     10.5G   0.03132  0.002853         0   0.03417        36       640     0.924    0.8848    0.9185    0.4909   0.08224  0.007544         0
   139/299     10.5G   0.02591  0.002806         0   0.02872        33       640    0.9467    0.8788     0.931    0.5398   0.07966  0.007468         0
   140/299     10.5G   0.02656  0.003037         0   0.02959        45       640    0.9542    0.8847    0.9393    0.5251   0.07961  0.006802         0
   141/299     10.5G   0.02489  0.002864         0   0.02775        19       640    0.9307     0.903    0.9233    0.5561   0.07962  0.008171         0
   142/299     10.5G   0.02776  0.002866         0   0.03062        39       640    0.9185    0.8909    0.9065    0.5185   0.08081  0.008189         0
   143/299     10.5G   0.03009  0.003122         0   0.03321        26       640    0.8751    0.8545    0.9077    0.4524   0.08308  0.007006         0
   144/299     10.5G   0.02819  0.002957         0   0.03115        31       640    0.9101    0.8606    0.9082    0.4778   0.08337  0.007475         0
   145/299     10.5G   0.02796  0.003068         0   0.03103        36       640    0.9049    0.8667    0.9186    0.4844   0.08464  0.007254         0
   146/299     10.5G    0.0303  0.003429         0   0.03373        31       640    0.9374    0.8182    0.8942    0.4493   0.08228  0.007963         0
   147/299     10.5G   0.02633  0.003127         0   0.02946        25       640    0.9404    0.8605    0.9209    0.5169   0.08009  0.007747         0
   148/299     10.5G   0.02823  0.003066         0   0.03129        36       640    0.8646    0.8909    0.8449      0.46     0.081  0.007083         0
   149/299     10.5G   0.02879  0.003012         0    0.0318        29       640    0.9206    0.9152    0.9209    0.5087   0.07978  0.007345         0
   150/299     10.5G    0.0274  0.003115         0   0.03051        34       640    0.9493    0.9091    0.9349     0.552   0.08067  0.006983         0
   151/299     10.5G   0.02724  0.002966         0    0.0302        30       640    0.9795    0.8727    0.9297    0.5447   0.07861  0.007522         0
   152/299     10.5G    0.0271  0.002886         0   0.02999        50       640    0.9141     0.903    0.9241    0.5256    0.0785  0.007214         0
   153/299     10.5G    0.0264  0.002914         0   0.02932        24       640    0.9307     0.897      0.93    0.5097   0.07974  0.007489         0
   154/299     10.5G   0.02716  0.003115         0   0.03027        35       640    0.9358    0.8848     0.935    0.5545   0.07903  0.007222         0
   155/299     10.5G   0.02673  0.002993         0   0.02972        25       640    0.8617    0.9091    0.9293    0.5139    0.0779  0.007039         0
   156/299     10.5G   0.02596  0.003181         0   0.02914        31       640    0.8957    0.8846    0.9194     0.542   0.07827  0.007357         0
   157/299     10.5G   0.03118  0.002884         0   0.03406        30       640     0.935    0.8717    0.9243    0.5369   0.07822  0.007988         0
   158/299     10.5G   0.02493  0.002893         0   0.02782        30       640    0.9469    0.8667    0.9195     0.548   0.07857  0.007589         0
   159/299     10.5G   0.02588  0.002872         0   0.02875        34       640    0.9468    0.8727    0.9276    0.5238   0.07946  0.007503         0
   160/299     10.5G   0.02633  0.002796         0   0.02913        26       640     0.924    0.8848    0.9317    0.5372   0.07899  0.007685         0
   161/299     10.5G   0.02588  0.002813         0    0.0287        36       640    0.9463    0.8544    0.9229    0.5384   0.07846  0.007672         0
   162/299     10.5G   0.02526  0.002851         0   0.02811        31       640     0.924    0.8846    0.9275    0.4731   0.08084  0.007804         0
   163/299     10.5G   0.02934  0.003022         0   0.03236        36       640    0.9473    0.8723    0.9305    0.5624   0.07933  0.007434         0
   164/299     10.5G   0.02582  0.002942         0   0.02876        24       640    0.9473    0.8727     0.936    0.5422   0.07923  0.007588         0
   165/299     10.5G   0.02682  0.002945         0   0.02977        34       640    0.9305     0.897     0.935    0.5616   0.07902  0.007272         0
   166/299     10.5G   0.02583  0.002921         0   0.02875        30       640    0.9236    0.8786    0.9281    0.5242   0.08034  0.007342         0
   167/299     10.5G   0.02614     0.003         0   0.02914        36       640    0.9423    0.8909    0.9338    0.5248   0.07973  0.007687         0
   168/299     10.5G   0.02466  0.002821         0   0.02748        38       640    0.9138     0.903    0.9379    0.5664   0.07919  0.007016         0
   169/299     10.5G   0.02795   0.00325         0    0.0312        32       640    0.9018    0.8908    0.8626     0.437    0.0786  0.009653         0
   170/299     10.5G   0.02789  0.003124         0   0.03102        43       640     0.935    0.8727    0.9098     0.494    0.0795  0.007926         0
   171/299     10.5G   0.02866  0.003151         0   0.03181        38       640    0.9664    0.8727    0.9207    0.5139   0.08068  0.008403         0
   172/299     10.5G   0.03071  0.003328         0   0.03404        25       640    0.9666    0.8788    0.9275    0.5172   0.08075  0.008461         0
   173/299     10.5G   0.03006  0.003195         0   0.03326        40       640    0.9358    0.8848    0.9335    0.5337   0.08073  0.007726         0
   174/299     10.5G   0.02358  0.003087         0   0.02666        40       640    0.8928    0.9085    0.9258    0.4981   0.08079  0.007773         0
   175/299     10.5G   0.02536  0.003165         0   0.02852        29       640     0.936    0.8909     0.936    0.5224   0.08039  0.008101         0
   176/299     10.5G   0.02795  0.003253         0    0.0312        47       640    0.9419    0.8848    0.9387    0.5305   0.07971   0.00763         0
   177/299     10.5G   0.02308  0.003011         0   0.02609        36       640    0.8829    0.9152    0.9343    0.5316   0.07894  0.007972         0
   178/299     10.5G   0.02318  0.002973         0   0.02615        27       640    0.9474    0.8727    0.9337    0.5247   0.07881  0.008137         0
   179/299     10.5G   0.02588  0.002769         0   0.02865        30       640    0.9479    0.8848    0.9353    0.5551   0.07744  0.007678         0
   180/299     10.5G   0.02531  0.002964         0   0.02828        38       640    0.9136    0.8968    0.9389    0.5598    0.0783  0.007695         0
   181/299     10.5G   0.02625  0.003033         0   0.02929        42       640    0.9299    0.8846    0.9376    0.5548   0.07825  0.008038         0
   182/299     10.5G   0.02359  0.002775         0   0.02636        32       640    0.9355    0.8787    0.9147    0.5585   0.07861  0.007936         0
   183/299     10.5G    0.0268  0.002988         0   0.02979        29       640    0.9539    0.8786    0.9163    0.5472   0.07757  0.008304         0
   184/299     10.5G   0.02678  0.002993         0   0.02977        58       640    0.9418    0.8848    0.9129     0.513   0.07698  0.008496         0
   185/299     10.5G   0.02863  0.003052         0   0.03168        25       640    0.9299    0.8842     0.928    0.5571   0.07668  0.007712         0
   186/299     10.5G   0.02741  0.002876         0   0.03028        33       640    0.9532    0.8667    0.9168    0.5212   0.07958  0.007899         0
   187/299     10.5G   0.02353  0.003306         0   0.02684        38       640    0.9664    0.8727    0.9378    0.5757   0.07949   0.00715         0
   188/299     10.5G   0.02548  0.002911         0   0.02839        28       640    0.9182    0.8846    0.9305    0.5195   0.08662  0.008169         0
   189/299     10.5G   0.02774    0.0036         0   0.03134        26       640    0.5638    0.6659    0.5255    0.1922   0.09153   0.01079         0
   190/299     10.5G   0.03371  0.003906         0   0.03761        29       640     0.728    0.7394     0.692    0.2702   0.08545    0.0102         0
   191/299     10.5G   0.02693  0.003443         0   0.03037        29       640    0.8497    0.8225     0.809    0.3575   0.08193  0.007773         0
   192/299     10.5G   0.02985  0.003608         0   0.03345        35       640    0.8987    0.8606    0.8752    0.4378   0.07995  0.007364         0
   193/299     10.5G   0.02985  0.003147         0     0.033        23       640    0.8319    0.8788    0.8516    0.4036   0.08357  0.007723         0
   194/299     10.5G   0.03188  0.003818         0    0.0357        29       640    0.6017    0.7333    0.6043    0.2864   0.08711  0.009084         0
   195/299     10.5G   0.02948  0.003515         0   0.03299        30       640    0.8433    0.8182    0.8353    0.4336   0.08493  0.007958         0
   196/299     10.5G   0.02903  0.003634         0   0.03266        30       640    0.8628    0.8788    0.8574    0.4755   0.08009  0.008305         0
   197/299     10.5G   0.03228  0.003104         0   0.03539        32       640    0.8011    0.8788    0.8479    0.4509   0.07681  0.009287         0
   198/299     10.5G   0.04148  0.004027         0   0.04551        33       640    0.8159    0.5697    0.6861    0.2653   0.08564  0.007727         0
   199/299     10.5G   0.03261  0.003975         0   0.03658        31       640    0.5173    0.6299    0.5712    0.1868   0.09015   0.00745         0
   200/299     10.5G   0.03075  0.003427         0   0.03418        39       640    0.7018    0.6848     0.683    0.2293   0.08853  0.006526         0
   201/299     10.5G   0.03425  0.003207         0   0.03746        40       640    0.8101    0.7757    0.7891    0.3064   0.08534  0.006668         0
   202/299     10.5G   0.03091  0.003473         0   0.03439        26       640    0.9072    0.8909    0.8973    0.4374   0.08127  0.007282         0
   203/299     10.5G   0.03277   0.00316         0   0.03593        23       640      0.88    0.8485    0.8739    0.3934   0.08126  0.008662         0
   204/299     10.5G   0.02918  0.003181         0   0.03236        39       640    0.9161    0.8604    0.8828    0.4349   0.08261  0.008376         0
   205/299     10.5G   0.02916  0.003129         0   0.03228        36       640     0.893    0.8603    0.8937    0.4425   0.08499  0.007915         0
   206/299     10.5G   0.02952  0.003189         0   0.03271        37       640    0.9166    0.8665    0.9089    0.4743   0.08488   0.00766         0
   207/299     10.5G   0.02956  0.003274         0   0.03284        24       640   0.04168   0.05455  0.005165 0.0009993    0.1105   0.01076         0
   208/299     10.5G    0.0298  0.003134         0   0.03293        36       640    0.3735   0.03636    0.0202  0.004697    0.1098   0.01094         0
   209/299     10.5G   0.02805  0.003152         0   0.03121        34       640    0.2088    0.3394    0.1516   0.05186    0.1032   0.01079         0
   210/299     10.5G   0.02656  0.003158         0   0.02972        24       640    0.7399    0.7939    0.7138    0.2505   0.09252  0.008472         0
   211/299     10.5G   0.02817   0.00326         0   0.03143        45       640    0.9415    0.8788    0.9216    0.5056   0.08336  0.007512         0
   212/299     10.5G   0.02664  0.003206         0   0.02984        43       640    0.9796    0.8788    0.9192    0.5073   0.08129  0.008895         0
   213/299     10.5G   0.02665  0.003115         0   0.02976        28       640    0.9603    0.8848    0.9156     0.496   0.08215   0.00889         0
   214/299     10.5G   0.02589  0.003178         0   0.02907        41       640      0.96    0.8726    0.9236     0.527   0.08103  0.008908         0
   215/299     10.5G   0.02571  0.003245         0   0.02896        19       640      0.96    0.8727    0.9334    0.5279   0.08087  0.008613         0
   216/299     10.5G   0.02515  0.002872         0   0.02802        46       640    0.9477    0.8788    0.9325    0.5282    0.0816  0.008338         0
   217/299     10.5G   0.02599  0.003125         0   0.02911        33       640    0.9366     0.897    0.9348    0.5298   0.08115  0.008162         0
   218/299     10.5G   0.02703  0.003128         0   0.03016        27       640    0.9481    0.8848    0.9329    0.5037   0.08156  0.008177         0
   219/299     10.5G   0.02689  0.003064         0   0.02996        38       640    0.9419    0.8847     0.931     0.534   0.08194  0.007914         0
   220/299     10.5G   0.02512  0.002855         0   0.02798        36       640    0.9542    0.8848     0.941    0.5428   0.08145  0.007893         0
   221/299     10.5G    0.0277  0.002937         0   0.03064        34       640    0.9481    0.8848    0.9259    0.5314   0.07992  0.008767         0
   222/299     10.5G   0.02828  0.003071         0   0.03135        21       640    0.9375    0.9089     0.934    0.4953   0.08191  0.008456         0
   223/299     10.5G    0.0286   0.00309         0   0.03169        38       640    0.9134     0.897    0.9154    0.4609   0.08321  0.008806         0
   224/299     10.5G   0.02823  0.003211         0   0.03144        25       640    0.9172    0.8727    0.9055    0.4686   0.08369  0.009484         0
   225/299     10.5G   0.02876  0.003277         0   0.03203        36       640    0.9125    0.8848    0.9163    0.4963    0.0823  0.009225         0
   226/299     10.5G   0.03077  0.003369         0   0.03414        34       640    0.8984    0.8606    0.8923    0.4844   0.08127  0.009383         0
   227/299     10.5G    0.0283  0.003261         0   0.03157        26       640    0.9156    0.8545    0.8942    0.5041   0.08144  0.009161         0
   228/299     10.5G    0.0288   0.00323         0   0.03203        32       640    0.9394    0.8485    0.9014     0.505   0.08232  0.009556         0
   229/299     10.5G   0.02914  0.003723         0   0.03287        31       640    0.9246    0.8177    0.8855    0.4728   0.08176   0.01002         0
   230/299     10.5G   0.03005  0.003699         0   0.03374        41       640    0.9456    0.8423    0.9028    0.4712   0.08174  0.009097         0
   231/299     10.5G   0.03093  0.003248         0   0.03418        21       640    0.9603    0.8786    0.9167    0.4932   0.08037  0.009115         0
   232/299     10.5G   0.02577  0.003181         0   0.02895        32       640     0.943     0.903    0.9272    0.5374   0.08026  0.008273         0
   233/299     10.5G   0.02633  0.003123         0   0.02945        36       640    0.9255    0.9091    0.9324    0.5362   0.08073  0.007851         0
   234/299     10.5G   0.02825  0.003016         0   0.03127        33       640    0.9423    0.8908    0.9301    0.5232   0.08115  0.008258         0
   235/299     10.5G   0.02428  0.003116         0    0.0274        30       640    0.9594    0.8667    0.9271    0.5322      0.08  0.008118         0
   236/299     10.5G   0.02774  0.002998         0   0.03074        30       640    0.9136     0.897    0.9279     0.524   0.07994   0.00866         0
   237/299     10.5G   0.02573  0.003219         0   0.02895        36       640    0.9187    0.8909    0.9312    0.5195   0.08039  0.008771         0
   238/299     10.5G   0.02826   0.00335         0   0.03161        40       640    0.9124    0.8848    0.9333    0.5231   0.08036  0.008693         0
   239/299     10.5G   0.03023  0.003189         0   0.03342        29       640    0.9202    0.9091    0.9386    0.5368   0.07942  0.008531         0
   240/299     10.5G   0.02552  0.003271         0   0.02879        21       640    0.9433    0.9091    0.9344    0.5219   0.07865  0.008298         0
   241/299     10.5G   0.02722  0.003063         0   0.03029        37       640    0.9496    0.9152    0.9388    0.5472   0.07817  0.008505         0
   242/299     10.5G   0.02935  0.003116         0   0.03247        41       640    0.9615     0.909     0.938    0.5403   0.07772  0.008954         0
   243/299     10.5G   0.02841  0.003124         0   0.03154        21       640     0.943     0.903    0.9321    0.5453   0.07763  0.009236         0
   244/299     10.5G   0.02722  0.003178         0    0.0304        28       640    0.9484    0.8909    0.9306    0.5386   0.07875   0.00875         0
   245/299     10.5G   0.02589  0.003083         0   0.02898        26       640    0.9415    0.8788    0.9282    0.5304   0.07896  0.008978         0
   246/299     10.5G   0.02457  0.003035         0    0.0276        28       640    0.9359    0.8846    0.9284    0.5294   0.07933  0.009119         0
   247/299     10.5G   0.02462   0.00309         0   0.02771        36       640    0.9536    0.8722    0.9245    0.5129   0.07972  0.008805         0
   248/299     10.5G   0.02457  0.003229         0    0.0278        36       640    0.9363    0.8909    0.9273    0.5499   0.07963  0.008352         0
   249/299     10.5G   0.02428  0.002924         0    0.0272        20       640     0.948    0.8848    0.9283    0.5534   0.07846  0.008349         0
   250/299     10.5G   0.02581  0.002901         0   0.02871        23       640    0.9416    0.8848    0.9285    0.5497   0.07847  0.008447         0
   251/299     10.5G   0.02558  0.003058         0   0.02864        37       640    0.9294    0.8788    0.9317    0.5315   0.08065  0.008853         0
   252/299     10.5G   0.02407   0.00298         0   0.02705        35       640    0.9079     0.897     0.921    0.5272   0.08184  0.008766         0
   253/299     10.5G   0.02822  0.003011         0   0.03123        28       640    0.9404    0.8605    0.9202    0.5067   0.08184  0.008388         0
   254/299     10.5G   0.02428  0.003068         0   0.02735        34       640    0.9355    0.8786    0.9262    0.5209   0.08164  0.008042         0
   255/299     10.5G   0.02384  0.003052         0    0.0269        21       640    0.9426     0.897    0.9354    0.5348   0.08086  0.007826         0
   256/299     10.5G   0.02599   0.00312         0   0.02911        32       640     0.954    0.8848    0.9324      0.56   0.08087  0.008067         0
   257/299     10.5G   0.02721  0.003233         0   0.03044        30       640    0.9602    0.8848    0.9367    0.5557   0.08102  0.007903         0
   258/299     10.5G   0.02365  0.002876         0   0.02653        24       640     0.949    0.9029    0.9396    0.5512   0.08052  0.007878         0
   259/299     10.5G   0.02416  0.002972         0   0.02713        35       640    0.9551     0.903    0.9387    0.5406   0.08004  0.008084         0
   260/299     10.5G   0.02386  0.002794         0   0.02665        41       640    0.9551     0.903      0.94    0.5503   0.07988  0.008035         0
   261/299     10.5G   0.02353  0.002661         0   0.02619        34       640    0.9489     0.903     0.939    0.5409   0.07971  0.008352         0
   262/299     10.5G   0.02296  0.002896         0   0.02586        36       640    0.9545    0.8909    0.9375    0.5387   0.08019  0.008132         0
   263/299     10.5G   0.02384   0.00279         0   0.02663        23       640      0.96    0.8727    0.9354    0.5596   0.07947  0.008083         0
   264/299     10.5G    0.0244  0.003005         0    0.0274        34       640    0.9661    0.8727     0.935    0.5536   0.07939  0.008363         0
   265/299     10.5G   0.02476   0.00289         0   0.02765        26       640    0.9423    0.8908    0.9304    0.5404   0.07915  0.008304         0
   266/299     10.5G   0.02516  0.002811         0   0.02797        37       640    0.9485     0.897    0.9374    0.5583   0.07885   0.00817         0
   267/299     10.5G    0.0227  0.003054         0   0.02576        36       640    0.9544    0.8909    0.9382     0.569   0.07835  0.008129         0
   268/299     10.5G   0.02393  0.002952         0   0.02688        29       640     0.954    0.8909    0.9371    0.5593   0.07785  0.008141         0
   269/299     10.5G   0.02358  0.002748         0   0.02633        17       640    0.9605    0.8848    0.9378    0.5476   0.07865  0.008079         0
   270/299     10.5G   0.02854  0.003243         0   0.03178        39       640    0.9602    0.8788     0.933      0.54   0.07874  0.008304         0
   271/299     10.5G   0.02506   0.00311         0   0.02817        32       640    0.9591    0.8667    0.9216    0.5434   0.07862  0.008608         0
   272/299     10.5G   0.02327  0.002875         0   0.02614        30       640    0.9658    0.8545    0.9217    0.5385    0.0785  0.009047         0
   273/299     10.5G    0.0223  0.002818         0   0.02512        36       640    0.9595    0.8667    0.9194    0.5419   0.07907  0.009023         0
   274/299     10.5G   0.02706  0.002836         0    0.0299        32       640     0.947    0.8667    0.9206     0.543   0.07968  0.008747         0
   275/299     10.5G   0.02522  0.003023         0   0.02825        38       640    0.9472    0.8727    0.9198    0.5611   0.07962  0.008603         0
   276/299     10.5G   0.02312  0.002923         0   0.02604        28       640    0.9474    0.8726    0.9192    0.5605   0.07934  0.008438         0
   277/299     10.5G   0.02275  0.002796         0   0.02555        13       640    0.9594    0.8606    0.9229    0.5489   0.07952  0.008298         0
   278/299     10.5G   0.02543  0.002888         0   0.02831        37       640      0.96    0.8727    0.9295    0.5559   0.07998  0.008107         0
   279/299     10.5G   0.02329  0.002739         0   0.02602        45       640    0.9545    0.8908    0.9294    0.5622   0.07971  0.008159         0
   280/299     10.5G   0.02482  0.003008         0   0.02783        43       640    0.9547     0.897    0.9386    0.5664   0.07928  0.008152         0
   281/299     10.5G   0.02346  0.002883         0   0.02634        45       640    0.9669    0.8909    0.9361    0.5696   0.07936  0.008147         0
   282/299     10.5G   0.02387  0.002924         0   0.02679        48       640    0.9671    0.8909    0.9346    0.5686   0.07912  0.008308         0
   283/299     10.5G   0.02495   0.00296         0   0.02791        26       640    0.9671    0.8908    0.9226    0.5577   0.07882   0.00823         0
   284/299     10.5G   0.02835  0.003161         0   0.03151        32       640    0.9367     0.897    0.9132    0.5457   0.07964   0.00801         0
   285/299     10.5G   0.02481  0.003326         0   0.02814        33       640     0.949    0.9029    0.9105    0.5402   0.07945  0.007916         0
   286/299     10.5G   0.03019  0.003211         0    0.0334        37       640    0.9605    0.8848    0.9136    0.5455   0.07765  0.007892         0
   287/299     10.5G   0.02959  0.003097         0   0.03269        39       640    0.9468    0.8909    0.9176    0.5651   0.07618  0.008433         0
   288/299     10.5G   0.02569  0.003123         0   0.02881        25       640    0.9539    0.8788    0.9177    0.5585   0.07603  0.008477         0
   289/299     10.5G   0.02769  0.002975         0   0.03067        45       640    0.9254     0.903    0.9215    0.5623   0.07668  0.008395         0
   290/299     10.5G   0.02471  0.003061         0   0.02777        27       640    0.8915    0.8967    0.8965    0.4993   0.07951  0.008636         0
   291/299     10.5G   0.02722  0.003002         0   0.03023        30       640    0.9197     0.903    0.9272    0.5598    0.0786  0.008764         0
   292/299     10.5G   0.02272  0.002849         0   0.02557        35       640    0.9361    0.8909    0.9238    0.5638   0.07834  0.009007         0
   293/299     10.5G   0.02434  0.002925         0   0.02726        22       640     0.919     0.897    0.9247    0.5728    0.0777  0.008762         0
   294/299     10.5G   0.02594  0.002953         0   0.02889        24       640    0.9419    0.8848     0.928    0.5724   0.07823  0.008456         0
   295/299     10.5G   0.02429  0.003232         0   0.02752        23       640    0.9539    0.8788    0.9317    0.5758   0.07822  0.007918         0
   296/299     10.5G   0.02633  0.002986         0   0.02931        29       640    0.9142    0.9091    0.9288    0.5745   0.07857  0.007255         0
   297/299     10.5G   0.02411  0.002965         0   0.02707        23       640    0.9151    0.9151     0.934    0.5653   0.07847  0.007504         0
   298/299     10.5G   0.02292  0.002961         0   0.02588        26       640    0.9312    0.9029    0.9207    0.5618   0.07744  0.007985         0
   299/299     10.5G    0.0232  0.002874         0   0.02608        35       640    0.9198     0.903    0.9231    0.5723   0.07704   0.00836         0
